# Game Level Exporter v1.0
LIGHT
Light
<Matrix 4x4 (-0.2909, -0.0552,  0.9552, 0.0000)
            (-0.7711,  0.6045, -0.1999, 0.0000)
            (-0.5664, -0.7947, -0.2184, 0.0000)
            ( 0.3672,  0.5723, -1.2657, 1.0000)>
CAMERA
Camera
<Matrix 4x4 ( 0.6859,  0.0000,  0.7277, 0.0000)
            (-0.3240,  0.8954,  0.3054, 0.0000)
            (-0.6516, -0.4453,  0.6142, 0.0000)
            ( 7.3589,  4.9583, -6.9258, 1.0000)>
MESH
TowerHouse_FirstAge
<Matrix 4x4 ( 1.0000, 0.0000,  0.0000, 0.0000)
            ( 0.0000, 1.0000, -0.0000, 0.0000)
            ( 0.0000, 0.0000,  1.0000, 0.0000)
            (-1.1125, 0.0695, -1.2777, 1.0000)>
MESH
Platform_4x4_Empty
<Matrix 4x4 (1.0000, 0.0000,  0.0000, 0.0000)
            (0.0000, 1.0000, -0.0000, 0.0000)
            (0.0000, 0.0000,  1.0000, 0.0000)
            (0.0000, 0.0000,  0.0000, 1.0000)>
MESH
Mountain_Group_1
<Matrix 4x4 (0.7898, 0.0000,  0.0000, 0.0000)
            (0.0000, 1.0000, -0.0000, 0.0000)
            (0.0000, 0.0000,  0.4981, 0.0000)
            (0.0000, 0.0000,  1.7706, 1.0000)>
MESH
Barrel
<Matrix 4x4 ( 1.0000, 0.0000,  0.0000, 0.0000)
            ( 0.0000, 1.0000, -0.0000, 0.0000)
            ( 0.0000, 0.0000,  1.0000, 0.0000)
            (-0.4791, 0.0784, -0.9035, 1.0000)>
MESH
Resource_Tree1
<Matrix 4x4 (1.0000, 0.0000,  0.0000, 0.0000)
            (0.0000, 1.0000, -0.0000, 0.0000)
            (0.0000, 0.0000,  1.0000, 0.0000)
            (0.3998, 0.0000,  0.2303, 1.0000)>
MESH
Resource_Tree1
<Matrix 4x4 ( 0.1351, 0.0000, -0.9908, 0.0000)
            (-0.0000, 1.0000, -0.0000, 0.0000)
            ( 0.9908, 0.0000,  0.1351, 0.0000)
            (-0.9567, 0.0660,  0.2573, 1.0000)>
MESH
Resource_Tree1
<Matrix 4x4 ( 0.7594, 0.0000, -0.6506, 0.0000)
            (-0.0000, 1.0000, -0.0000, 0.0000)
            ( 0.6506, 0.0000,  0.7594, 0.0000)
            ( 1.2006, 0.0311, -1.2758, 1.0000)>
MESH
Barrel
<Matrix 4x4 ( 1.0000, 0.0000,  0.0000, 0.0000)
            ( 0.0000, 1.0000, -0.0000, 0.0000)
            ( 0.0000, 0.0000,  1.0000, 0.0000)
            (-0.4952, 0.0737, -1.0156, 1.0000)>
MESH
Computer_Large
<Matrix 4x4 (-0.9999, 0.0000,  0.0119, 0.0000)
            ( 0.0000, 1.0000,  0.0000, 0.0000)
            (-0.0119, 0.0000, -0.9999, 0.0000)
            (-0.1121, 0.0000, -1.4847, 1.0000)>
MESH
Resource_Gold_2
<Matrix 4x4 (1.0000, 0.0000,  0.0000, 0.0000)
            (0.0000, 1.0000, -0.0000, 0.0000)
            (0.0000, 0.0000,  1.0000, 0.0000)
            (0.8620, 0.0000,  0.8699, 1.0000)>
MESH
Rail_Corner
<Matrix 4x4 (1.0000, 0.0000,  0.0000, 0.0000)
            (0.0000, 1.0000, -0.0000, 0.0000)
            (0.0000, 0.0000,  1.0000, 0.0000)
            (1.1408, 0.0624,  0.6508, 1.0000)>
MESH
Farm_Dirt_Level1
<Matrix 4x4 (0.5349, 0.0000,  0.0000, 0.0000)
            (0.0000, 1.0000, -0.0000, 0.0000)
            (0.0000, 0.0000,  0.7212, 0.0000)
            (0.1429, 0.0700, -0.4843, 1.0000)>
MESH
Logs
<Matrix 4x4 ( 0.6058, 0.0000,  0.0000, 0.0000)
            ( 0.0000, 0.8429, -0.0000, 0.0000)
            ( 0.0000, 0.0000,  0.8832, 0.0000)
            (-1.1590, 0.1580, -0.2106, 1.0000)>
MESH
Rail_Corner
<Matrix 4x4 (-0.0131, 0.0000, -0.9999, 0.0000)
            (-0.0000, 1.0000,  0.0000, 0.0000)
            ( 0.9999, 0.0000, -0.0131, 0.0000)
            (-0.1398, 0.0573,  0.5753, 1.0000)>
MESH
AC
<Matrix 4x4 ( 0.6557,  0.0000,  0.0000, 0.0000)
            ( 0.0000, -0.6252,  0.0264, 0.0000)
            ( 0.0000, -0.0205, -0.4861, 0.0000)
            (-1.1413,  0.5111, -0.7242, 1.0000)>
MESH
Cable_Thick
<Matrix 4x4 (-0.2779,  0.0565, -0.4132, 0.0000)
            (-0.1184, -0.2866,  0.0404, 0.0000)
            (-0.3740,  0.1937,  0.2780, 0.0000)
            ( 0.5302,  0.4252,  1.5151, 1.0000)>
MESH
Cable_Thick
<Matrix 4x4 (-0.1710, -0.2262, -0.4132, 0.0000)
            ( 0.2073, -0.2306,  0.0404, 0.0000)
            (-0.3363, -0.2536,  0.2780, 0.0000)
            (-1.1502,  0.2499,  1.0971, 1.0000)>
MESH
AC
<Matrix 4x4 ( 0.6557,  0.0000, 0.0000, 0.0000)
            ( 0.0000,  0.4298, 0.4548, 0.0000)
            ( 0.0000, -0.3537, 0.3342, 0.0000)
            (-0.6781,  0.3791, 1.2310, 1.0000)>
MESH
Resource_Gold_2
<Matrix 4x4 (-0.1420, 0.0000, -0.9899, 0.0000)
            (-0.0000, 1.0000,  0.0000, 0.0000)
            ( 0.9899, 0.0000, -0.1420, 0.0000)
            (-1.4511, 0.0686,  0.6299, 1.0000)>
MESH
Cable_Thick
<Matrix 4x4 (-1.3401, -0.2909, -0.5269, 0.0000)
            ( 0.0291, -0.1750,  0.0226, 0.0000)
            (-0.3638,  0.0552,  0.8949, 0.0000)
            (-0.5976,  1.3514, -1.1498, 1.0000)>
MESH
Farm_Dirt_Level1
<Matrix 4x4 (0.5616, 0.0000,  0.0000, 0.0000)
            (0.0000, 1.0000, -0.0000, 0.0000)
            (0.0000, 0.0000,  0.7212, 0.0000)
            (1.1461, 0.0565, -0.4950, 1.0000)>
LIGHT
Light.001
<Matrix 4x4 (-0.2909, -0.0552,  0.9552, 0.0000)
            (-0.7711,  0.6045, -0.1999, 0.0000)
            (-0.5664, -0.7947, -0.2184, 0.0000)
            (-0.6093,  1.1234, -1.1121, 1.0000)>
CAMERA
Camera.001
<Matrix 4x4 ( 0.1512,  0.0000,  0.9885, 0.0000)
            (-0.4402,  0.8954,  0.0673, 0.0000)
            (-0.8851, -0.4453,  0.1354, 0.0000)
            ( 2.5918,  2.5459, -0.6068, 1.0000)>
