# Game Level Exporter v1.0
MESH
Barrel
<Matrix 4x4 (  0.5313,  0.0000,  0.0000, 0.0000)
            (  0.0000, -0.0000, -0.5313, 0.0000)
            (  0.0000,  1.0290, -0.0000, 0.0000)
            (-18.6277,  4.0390,  0.6331, 1.0000)>
MESH
sword
<Matrix 4x4 ( -0.0000,  0.0000,   0.1718, 0.0000)
            ( -0.0609,  0.0000,  -0.0000, 0.0000)
            (  0.0000, -0.0722,   0.0000, 0.0000)
            (-31.5959,  6.1551, -17.9605, 1.0000)>
MESH
Shield
<Matrix 4x4 (  0.0487,  0.0000,   0.0000, 0.0000)
            (  0.0000,  0.0000,   0.5449, 0.0000)
            (  0.0000, -0.4880,   0.0000, 0.0000)
            (-31.7265,  6.7030, -17.9227, 1.0000)>
MESH
Old_shelf
<Matrix 4x4 (  0.3161,  0.0000,   0.0000, 0.0000)
            (  0.0000,  0.0000,   1.2691, 0.0000)
            (  0.0000, -0.0603,   0.0000, 0.0000)
            (-31.0079,  9.1925, -17.7207, 1.0000)>
MESH
Door Frame
<Matrix 4x4 ( -0.2820,  0.0000, -0.0000, 0.0000)
            (  0.0000,  0.0000, -0.2726, 0.0000)
            (  0.0000, -1.9743,  0.0000, 0.0000)
            (-26.0170,  4.2126,  1.1051, 1.0000)>
MESH
Door
<Matrix 4x4 (  1.2663,  0.0000, 0.0000, 0.0000)
            (  0.0000,  0.0000, 0.1275, 0.0000)
            (  0.0000, -2.1713, 0.0000, 0.0000)
            (-25.2618,  4.2126, 1.1126, 1.0000)>
MESH
Table
<Matrix 4x4 (  2.0928,  0.0000,  0.0000, 0.0000)
            (  0.0000,  0.0000,  2.0928, 0.0000)
            (  0.0000, -0.0680,  0.0000, 0.0000)
            (-21.4990,  4.2126, -6.0715, 1.0000)>
MESH
Piece_of_wood_2
<Matrix 4x4 (  1.5649,  0.0000,   0.0000, 0.0000)
            (  0.0000,  0.0000,   1.4881, 0.0000)
            (  0.0000, -0.0398,   0.0000, 0.0000)
            (-18.9736,  4.3023, -19.5602, 1.0000)>
MESH
Piece_of_wood
<Matrix 4x4 ( -0.5269,  0.0000,  -1.2485, 0.0000)
            (  1.3597,  0.0000,  -0.5738, 0.0000)
            (  0.0000, -0.0398,   0.0000, 0.0000)
            (-20.7584,  4.4779, -18.7029, 1.0000)>
MESH
Old_shelf_2
<Matrix 4x4 ( -0.0000,  0.0000, -0.3161, 0.0000)
            (  1.2691,  0.0000, -0.0000, 0.0000)
            (  0.0000, -0.0603,  0.0000, 0.0000)
            (-29.7932,  8.6813,  0.5693, 1.0000)>
MESH
candle_of_wall
<Matrix 4x4 (  0.2029,  0.0000,   0.0000, 0.0000)
            (  0.0000,  0.0000,   0.2476, 0.0000)
            (  0.0000, -0.0537,   0.0000, 0.0000)
            (-31.7788,  6.2151, -13.4872, 1.0000)>
CAMERA
Camera
<Matrix 4x4 (  0.5294,  0.0001,   0.3401, 0.0000)
            ( -0.0484,  0.6228,   0.0752, 0.0000)
            ( -0.3366, -0.0895,   0.5240, 0.0000)
            (-15.3881,  9.1092, -21.4176, 1.0000)>
LIGHT
Point.001
<Matrix 4x4 (  0.6292,  0.0000, 0.0000, 0.0000)
            (  0.0000,  0.0000, 0.6292, 0.0000)
            (  0.0000, -0.6292, 0.0000, 0.0000)
            (-26.7451,  9.4202, 1.3440, 1.0000)>
LIGHT
Point.002
<Matrix 4x4 (  0.6292,  0.0000, 0.0000, 0.0000)
            (  0.0000,  0.0000, 0.6292, 0.0000)
            (  0.0000, -0.6292, 0.0000, 0.0000)
            (-21.5324,  9.4202, 0.8963, 1.0000)>
MESH
Candle
<Matrix 4x4 (  0.2097,  0.0000,  0.0000, 0.0000)
            (  0.0000,  0.0000,  0.2097, 0.0000)
            (  0.0000, -0.2694,  0.0000, 0.0000)
            (-20.6233,  6.0676, -6.2467, 1.0000)>
LIGHT
Point.003
<Matrix 4x4 (  0.6292,  0.0000,    0.0000, 0.0000)
            (  0.0000,  0.0000,    0.6292, 0.0000)
            (  0.0000, -0.6292,    0.0000, 0.0000)
            (-20.6300,  7.0640, -247.3690, 1.0000)>
MESH
Chair
<Matrix 4x4 (  1.5827,  0.0000,  0.0000, 0.0000)
            (  0.0000,  0.0000,  1.5827, 0.0000)
            (  0.0000, -0.0405,  0.0000, 0.0000)
            (-22.6181,  4.2126, -0.4565, 1.0000)>
MESH
Chair_2
<Matrix 4x4 ( -0.5796,  0.0000,  1.4727, 0.0000)
            ( -1.4727,  0.0000, -0.5796, 0.0000)
            (  0.0000, -0.0405,  0.0000, 0.0000)
            (-23.9865,  5.1716, -2.4734, 1.0000)>
MESH
Candle_of_wall_3
<Matrix 4x4 (  0.0015,  0.0000, -0.2029, 0.0000)
            (  0.2476,  0.0000,  0.0019, 0.0000)
            (  0.0000, -0.0379,  0.0000, 0.0000)
            (-21.8985,  7.9428,  1.3341, 1.0000)>
MESH
Candle_of_wall_2
<Matrix 4x4 (  0.1270,  0.0000, 0.0000, 0.0000)
            (  0.0000,  0.0386, 0.1210, 0.0000)
            (  0.0000, -0.1554, 0.0496, 0.0000)
            (-27.0776,  7.9428, 1.3341, 1.0000)>
MESH
sword.001
<Matrix 4x4 ( -0.0000,  0.0000,   0.1718, 0.0000)
            ( -0.0609,  0.0000,  -0.0000, 0.0000)
            (  0.0000, -0.0722,   0.0000, 0.0000)
            (-31.5959,  7.7981, -15.5632, 1.0000)>
MESH
Shield.001
<Matrix 4x4 (  0.0487,  0.0000,   0.0000, 0.0000)
            (  0.0000,  0.0000,   0.5449, 0.0000)
            (  0.0000, -0.4880,   0.0000, 0.0000)
            (-31.7339,  7.4828, -15.5254, 1.0000)>
MESH
sword.002
<Matrix 4x4 ( -0.0000,  0.0000,   0.1718, 0.0000)
            ( -0.0609,  0.0000,  -0.0000, 0.0000)
            (  0.0000, -0.0722,   0.0000, 0.0000)
            (-31.5959,  7.7981, -10.8542, 1.0000)>
MESH
Shield.002
<Matrix 4x4 (  0.0487,  0.0000,   0.0000, 0.0000)
            (  0.0000,  0.0000,   0.5449, 0.0000)
            (  0.0000, -0.4880,   0.0000, 0.0000)
            (-31.7339,  7.4828, -10.8164, 1.0000)>
MESH
sword.003
<Matrix 4x4 ( -0.0000,  0.0000,  0.1718, 0.0000)
            ( -0.0609,  0.0000, -0.0000, 0.0000)
            (  0.0000, -0.0722,  0.0000, 0.0000)
            (-31.5959,  7.7981, -8.3713, 1.0000)>
MESH
sword.004
<Matrix 4x4 ( -0.0000,  0.0000,  0.1718, 0.0000)
            ( -0.0609,  0.0000, -0.0000, 0.0000)
            (  0.0000, -0.0722,  0.0000, 0.0000)
            (-31.5959,  7.7981, -6.0254, 1.0000)>
MESH
sword.005
<Matrix 4x4 (  0.0912, -0.0000,  0.1456, 0.0000)
            (  0.0000,  0.0609,  0.0000, 0.0000)
            ( -0.0612,  0.0000,  0.0383, 0.0000)
            (-22.0821,  6.0781, -6.4592, 1.0000)>
MESH
sword.006
<Matrix 4x4 ( -0.0230, -0.0000,  0.1703, 0.0000)
            (  0.0000,  0.0609,  0.0000, 0.0000)
            ( -0.0715,  0.0000, -0.0097, 0.0000)
            (-21.7099,  6.1546, -3.4528, 1.0000)>
MESH
Barrel.001
<Matrix 4x4 (  0.4237,  0.0000,   0.3206, 0.0000)
            ( -0.0000, -0.5313,   0.0000, 0.0000)
            (  0.6208, -0.0000,  -0.8206, 0.0000)
            (-22.5923,  4.6932, -15.5373, 1.0000)>
MESH
Barrel.002
<Matrix 4x4 (  0.5313,  0.0000,   0.0000, 0.0000)
            (  0.0000, -0.0000,  -0.5313, 0.0000)
            (  0.0000,  1.0290,  -0.0000, 0.0000)
            (-24.0471,  4.0390, -13.1283, 1.0000)>
MESH
Barrel.003
<Matrix 4x4 (  0.5313,  0.0000,   0.0000, 0.0000)
            (  0.0000, -0.0000,  -0.5313, 0.0000)
            (  0.0000,  1.0290,  -0.0000, 0.0000)
            (-26.2442,  4.0390, -11.2336, 1.0000)>
MESH
Barrel.004
<Matrix 4x4 ( -0.3527,  0.0000,   0.3973, 0.0000)
            ( -0.0000, -0.5313,  -0.0000, 0.0000)
            (  0.7695, -0.0000,   0.6831, 0.0000)
            (-27.9750,  4.6932, -14.1655, 1.0000)>
CAMERA
Camera.001
<Matrix 4x4 (  0.5294,  0.0001,   0.3401, 0.0000)
            ( -0.0484,  0.6228,   0.0752, 0.0000)
            ( -0.3366, -0.0895,   0.5240, 0.0000)
            (-20.9942,  9.8171, -27.0707, 1.0000)>
MESH
Cube
<Matrix 4x4 (  2.1354,  0.0000,   0.0000, 0.0000)
            (  0.0000,  0.0000,  45.4747, 0.0000)
            (  0.0000, -1.0000,   0.0000, 0.0000)
            (-25.9653,  3.5816, -10.7882, 1.0000)>
MESH
Cube.001
<Matrix 4x4 (  0.0100, -1.1460,   0.0000, 0.0000)
            (  0.0000,  0.0000,  45.4747, 0.0000)
            ( -0.9999, -0.0087,   0.0000, 0.0000)
            (-32.3507,  8.3820, -10.8288, 1.0000)>
MESH
Cube.002
<Matrix 4x4 (  0.0001, -1.1460, -0.0100, 0.0000)
            ( 31.3377,  0.0000,  0.1668, 0.0000)
            ( -0.0053, -0.0087,  0.9999, 0.0000)
            (-23.0154,  8.3758,  1.9759, 1.0000)>
