# Game Level Exporter v1.0
LIGHT
Light
<Matrix 4x4 (-0.2909, -0.0552,  0.9552, 0.0000)
            (-0.7711,  0.6045, -0.1999, 0.0000)
            (-0.5664, -0.7947, -0.2184, 0.0000)
            ( 4.0762,  5.9039,  0.4636, 1.0000)>
MESH
AltarCandlet.001
<Matrix 4x4 ( 1.0000, 0.0000,  0.0000, 0.0000)
            ( 0.0000, 1.0000, -0.0000, 0.0000)
            ( 0.0000, 0.0000,  1.0000, 0.0000)
            (-5.3821, 0.0133, -0.0599, 1.0000)>
MESH
AltarCandlet2
<Matrix 4x4 (1.0000, 0.0000,  0.0000, 0.0000)
            (0.0000, 1.0000, -0.0000, 0.0000)
            (0.0000, 0.0000,  1.0000, 0.0000)
            (5.5429, 0.0000, -0.3114, 1.0000)>
MESH
ARCH
<Matrix 4x4 ( 1.0000, 0.0000,  0.0000, 0.0000)
            ( 0.0000, 1.0000, -0.0000, 0.0000)
            ( 0.0000, 0.0000,  1.0000, 0.0000)
            (-1.4392, 0.0000,  7.1079, 1.0000)>
MESH
ARCH2
<Matrix 4x4 (1.0000, 0.0000,  0.0000, 0.0000)
            (0.0000, 1.0000, -0.0000, 0.0000)
            (0.0000, 0.0000,  1.0000, 0.0000)
            (0.0000, 0.0000, 41.1805, 1.0000)>
MESH
BASTARDSWORD_DEMONIC
<Matrix 4x4 ( 0.1024,  0.0000,  0.0000, 0.0000)
            ( 0.0000,  0.0424,  0.0650, 0.0000)
            ( 0.0000, -0.0838,  0.0546, 0.0000)
            (-2.5079,  1.3897, 24.9963, 1.0000)>
MESH
CEILINGDECORATION_SOLIDGOLD
<Matrix 4x4 ( 0.1000,  0.0000,   0.0000, 0.0000)
            ( 0.0000,  0.1000,  -0.0000, 0.0000)
            ( 0.0000,  0.0000,   0.1000, 0.0000)
            (-4.2844, 29.3802, -21.3924, 1.0000)>
MESH
DarkAltar
<Matrix 4x4 (1.0000, 0.0000,  0.0000, 0.0000)
            (0.0000, 1.0000, -0.0000, 0.0000)
            (0.0000, 0.0000,  1.0000, 0.0000)
            (0.0000, 0.0000, 29.0052, 1.0000)>
MESH
GOTHICWINDOW_SIMPLE5
<Matrix 4x4 ( 1.0000, 0.0000,  0.0000, 0.0000)
            ( 0.0000, 1.0000, -0.0000, 0.0000)
            ( 0.0000, 0.0000,  1.0000, 0.0000)
            (18.1839, 8.8276, 41.7624, 1.0000)>
MESH
DEMONICPILLAR1
<Matrix 4x4 (1.0000, 0.0000,  0.0000, 0.0000)
            (0.0000, 1.0000, -0.0000, 0.0000)
            (0.0000, 0.0000,  1.0000, 0.0000)
            (8.1735, 4.3565, 20.8610, 1.0000)>
MESH
HallwayArch
<Matrix 4x4 (0.2000, 0.0000,  0.0000, 0.0000)
            (0.0000, 0.3000, -0.0000, 0.0000)
            (0.0000, 0.0000,  0.4000, 0.0000)
            (0.0000, 0.0000, 12.0483, 1.0000)>
MESH
Decorative_Orb4
<Matrix 4x4 (1.0000,  0.0000,   0.0000, 0.0000)
            (0.0000,  1.0000,  -0.0000, 0.0000)
            (0.0000,  0.0000,   1.0000, 0.0000)
            (1.4661, -0.5356, -87.3628, 1.0000)>
MESH
CHAINEDPILLAR_NoTop
<Matrix 4x4 ( 1.0000, 0.0000,   0.0000, 0.0000)
            ( 0.0000, 1.0000,  -0.0000, 0.0000)
            ( 0.0000, 0.0000,   1.0000, 0.0000)
            (20.7540, 5.3883, -11.7790, 1.0000)>
MESH
Goldenchain
<Matrix 4x4 ( 1.0000,  0.0000,  0.0000, 0.0000)
            ( 0.0000,  1.0000, -0.0000, 0.0000)
            ( 0.0000,  0.0000,  1.0000, 0.0000)
            (-2.9862, 10.7380,  0.0000, 1.0000)>
MESH
Goldenchain.001
<Matrix 4x4 (1.0000,  0.0000,  0.0000, 0.0000)
            (0.0000,  1.0000, -0.0000, 0.0000)
            (0.0000,  0.0000,  1.0000, 0.0000)
            (5.4818, 11.1902, -0.6067, 1.0000)>
MESH
Templebuilding1_B_version
<Matrix 4x4 (-0.0237,  0.0000,  -0.9997, 0.0000)
            (-0.0000,  1.0000,   0.0000, 0.0000)
            ( 0.9997,  0.0000,  -0.0237, 0.0000)
            ( 0.2594, 24.9924, -77.3845, 1.0000)>
MESH
Random Box
<Matrix 4x4 (1.0000, 0.0000,   0.0000, 0.0000)
            (0.0000, 1.0000,  -0.0000, 0.0000)
            (0.0000, 0.0000,   1.0000, 0.0000)
            (0.0000, 0.0000, -15.6428, 1.0000)>
MESH
WallOrnament
<Matrix 4x4 (  1.0000, 0.0000,   0.0000, 0.0000)
            (  0.0000, 1.0000,  -0.0000, 0.0000)
            (  0.0000, 0.0000,   1.0000, 0.0000)
            (-19.3828, 5.2312, -27.2756, 1.0000)>
MESH
TOWERTEMPLE
<Matrix 4x4 (  1.0000, 0.0000,  0.0000, 0.0000)
            (  0.0000, 1.0000, -0.0000, 0.0000)
            (  0.0000, 0.0000,  1.0000, 0.0000)
            (-22.7813, 0.0000,  0.0000, 1.0000)>
MESH
TOWERTEMPLE.001
<Matrix 4x4 ( 1.0000, 0.0000,  0.0000, 0.0000)
            ( 0.0000, 1.0000, -0.0000, 0.0000)
            ( 0.0000, 0.0000,  1.0000, 0.0000)
            (20.6754, 2.1309,  1.5627, 1.0000)>
MESH
GOTHICWINDOW_SIMPLE5.001
<Matrix 4x4 ( 1.0000, 0.0000,  0.0000, 0.0000)
            ( 0.0000, 1.0000, -0.0000, 0.0000)
            ( 0.0000, 0.0000,  1.0000, 0.0000)
            (36.3408, 7.9800, 41.7733, 1.0000)>
MESH
GOTHICWINDOW_SIMPLE5.002
<Matrix 4x4 ( 1.0000,  0.0000,  0.0000, 0.0000)
            ( 0.0000,  1.0000, -0.0000, 0.0000)
            ( 0.0000,  0.0000,  1.0000, 0.0000)
            (-0.6982, -2.5849, 41.7372, 1.0000)>
